1.30
7.53
26.84
26.88
26.89
33.12
60.69
60.98
76.80
78.36
89.94
99.88
114.85
129.28
141.05
143.86
147.93
151.17
158.08
187.13
192.96
212.89
219.46
226.73
235.18
235.95
237.64
245.41
251.54
254.50
259.71
262.77
273.07
286.36
286.74
287.83
288.91
294.08
295.24
300.61
319.88
330.08
331.06
335.37
342.32
344.40
349.66
350.68
354.07
357.24
357.85
376.15
388.71
392.72
393.92
395.96
398.46
399.29
419.27
421.09
422.48
448.01
450.06
465.26
472.79
483.02
483.21
487.64
492.94
506.92
527.14
533.51
536.92
539.19
544.46
547.83
558.98
560.54
561.58
561.77
565.16
566.97
569.75
571.83
582.98
600.23
604.15
606.48
622.74
623.73
629.80
657.54
661.67
669.39
673.32
675.73
675.79
678.69
678.90
686.71
686.95
692.09
693.42
694.27
696.04
705.55
706.30
711.64
714.00
716.84
718.44
733.13
734.03
734.64
757.09
757.22
791.12
796.73
797.48
798.36
799.58
800.83
801.37
802.06
815.36
819.35
825.14
825.66
826.56
832.47
834.56
836.35
847.50
847.58
851.05
864.48
882.62
885.97
897.33
900.84
903.96
913.78
925.12
945.84
962.69
969.31
979.14
979.36
985.96
1000.75
1009.71
1014.18
1017.27
1035.23
1037.70
1041.35
1064.22
1065.16
1078.03
1080.47
1080.62
1088.95
1090.74
1107.98
1109.51
1117.66
1121.15
1122.23
1131.65
1134.86
1137.12
1137.17
1164.75
1173.38
1174.30
1175.54
1190.65
1195.50
1206.97
1211.57
1213.95
1220.13
1220.87
1232.08
1238.67
1244.83
1251.71
1256.80
1260.27
1265.64
1265.92
1284.58
1298.17
1298.73
1301.47
1304.76
1313.24
1326.56
1336.01
1342.87
1344.14
1353.19
1359.06
1362.69
1377.05
1384.84
1387.71
1392.75
1395.37
1399.40
1420.64
1427.22
1433.56
1437.21
1441.25
1447.65
1450.37
1468.02
1468.76
1474.46
1477.30
1480.58
1485.04
1486.81
1490.39
1494.68
1501.63
1502.12
1504.26
1505.61
1524.54
1528.30
1536.51
1537.81
1559.12
1561.85
1562.25
1564.19
1569.79
1588.33
1591.12
1600.87
1631.06
1634.94
1645.54
1679.49
1689.78
1691.40
1698.27
1700.16
1705.10
1706.91
1708.02
1720.93
1738.72
1740.07
1745.81
1746.13
1746.66
1749.13
1760.07
1783.72
1794.36
1802.08
1814.76
1827.81
1831.11
1831.56
1843.56
1851.24
1855.58
1868.66
1872.35
1877.81
1879.19
1883.40
1887.57
1892.83
1893.05
1893.93
1895.46
1900.49
1902.98
1905.76
1936.42
1939.34
1940.11
1948.52
1949.35
1951.90
1954.57
1959.05
1960.83
1976.58
1980.29
1983.92
1989.84
2000.25
2013.69
2051.33
2062.99
2065.03
2065.78
2079.20
2080.46
2093.36
2102.46
2114.01
2117.65
2120.83
2124.80
2126.82
2136.40
2139.20
2141.18
2145.82
2169.30
2182.01
2184.32
2191.67
2192.38
2197.00
2201.30
2221.97
2226.75
2235.05
2250.04
2252.20
2253.00
2255.44
2281.80
2302.78
2307.38
2311.69
2315.62
2324.52
2330.59
2339.76
2346.24
2349.59
2355.21
2380.61
2393.19
2395.73
2424.61
2438.65
2440.93
2461.42
2462.82
2471.53
2481.20
2495.57
2504.49
2523.54
2548.46
2558.35
2573.92
2574.70
2584.44
2591.20
2592.23
2606.12
2619.57
2623.35
2626.58
2626.71
2635.34
2641.15
2642.20
2644.60
2646.19
2653.08
2682.34
2689.90
2713.12
2737.27
2761.94
2771.80
2819.29
2826.62
2838.10
2842.15
2842.84
2857.35
2871.42
2881.50
2884.68
2888.95
2895.55
2906.78
2916.19
2931.99
2935.76
2944.97
2947.77
2963.61
2976.15
2986.81
2991.74
3077.30
3098.03
3113.02
3131.28
3149.77
3154.50
3156.63
3164.23
3168.95
3198.10
3204.46
3273.75
3290.78
3292.41
3317.61
3320.43
3332.26
3350.28
3365.46
3411.52
3417.65
3466.50
3475.29
3476.15
3492.31
3511.50
3537.36
3545.15
3556.93
3570.28
3590.16
3591.84
3636.13
3648.65
3763.38
3769.25
3777.35
3817.98
3836.01
3846.98
3849.18
3855.45
3895.84
3900.55
3926.42
3975.03
3975.70
3982.72
3984.69
3991.57
4001.80
4001.88
4020.58
4045.60
4062.56
4063.66
4089.37
4101.94
4148.02
4185.28
4298.29
4322.44
4350.86
4420.03
4436.93
4442.76
4468.52
4472.29
4486.73
4502.97
4509.58
4523.82
4546.46
4586.40
4605.17
4622.12
4632.74
4655.75
4740.19
4750.34
4783.90
4817.50
4838.78
4905.25
4928.20
4944.96
4951.20
4984.03
5021.77
5037.70
5045.33
5092.53
5093.86
5183.26
5192.46
5206.17
5245.93
5263.69
5331.10
5337.59
5364.25
5371.52
5398.50
5409.20
5410.13
5437.63
5442.43
5446.77
5492.79
5496.25
5500.83
5565.05
5566.45
5581.97
5587.29
5595.42
5603.34
5629.10
5646.68
5663.56
5663.81
5679.67
5679.90
5687.74
5727.41
5729.81
5782.27
5785.63
5798.67
5809.82
5853.49
5925.51
5949.60
5950.73
5958.28
6004.36
6006.87
6013.56
6027.46
6107.76
6118.35
6165.18
6167.10
6171.03
6176.46
6218.45
6279.43
6304.38
6314.28
6324.01
6340.22
6382.16
6391.06
6393.89
6406.82
6419.69
6422.54
6508.35
6511.53
6519.94
6534.33
6607.91
6612.29
6622.59
6623.41
6640.14
6641.45
6660.46
6716.34
6719.35
6728.29
6735.99
6755.02
6770.55
6785.50
6825.93
6849.08
6856.17
6906.47
7026.60
7027.97
7081.41
7095.87
7096.93
7104.33
7108.73
7149.31
7155.72
7185.82
7251.57
7261.17
7268.37
7293.90
7350.23
7355.00
7420.45
7425.57
7435.51
7438.90
7451.87
7483.48
7501.68
7528.74
7589.41
7596.20
7719.55
7744.34
7760.21
7800.91
7824.05
7826.11
7855.78
7858.06
7921.90
7940.56
7959.03
7962.46
7974.81
8007.85
8018.07
8041.83
8062.72
8065.73
8125.25
8128.41
8144.76
8146.09
8168.94
8177.23
8183.64
8209.86
8239.46
8266.62
8292.74
8307.94
8316.31
8392.95
8400.79
8437.04
8450.15
8452.34
8480.95
8526.67
8588.80
8592.23
8613.80
8629.22
8648.41
8653.83
8660.58
8677.07
8684.93
8698.54
8701.80
8718.44
8739.67
8741.85
8854.13
8911.19
8921.90
8928.31
8940.91
8942.69
8959.87
8985.71
8993.05
9027.23
9045.15
9045.62
9113.20
9113.38
9141.87
9197.38
9203.43
9205.62
9221.16
9229.62
9261.05
9284.54
9326.56
9364.27
9381.43
9409.51
9468.47
9476.14
9500.20
9511.66
9516.62
9532.66
9533.52
9537.60
9548.11
9628.89
9636.39
9636.93
9665.36
9674.81
9676.52
9689.32
9690.52
9719.54
9724.74
9732.25
9792.76
9846.09
9849.67
9898.08
9929.60
9933.31
9940.96
9944.13
9974.90
9975.40
9991.22
10014.41
10020.54
10029.47
10039.85
10079.37
10172.74
10194.39
10205.91
10252.48
10253.84
10323.17
10355.47
10404.46
10523.40
10551.54
10757.01
10782.53
10785.22
10813.27
10840.80
10861.12
10908.82
10910.34
10988.09
11027.81
11039.83
11050.81
11054.41
11058.05
11098.58
11135.14
11145.90
11166.04
11170.15
11171.01
11177.56
11197.02
11259.09
11265.70
11277.18
11281.24
11303.27
11305.89
11330.27
11335.41
11346.12
11350.58
11357.90
11383.93
11397.30
11405.77
11413.99
11447.38
11453.86
11454.30
11464.95
11470.32
11513.31
11521.76
11535.91
11537.47
11540.27
11543.17
11546.71
11557.62
11605.55
11614.50
11633.88
11668.15
11685.28
11687.10
11690.13
11722.94
11745.19
11753.17
11773.03
11779.38
11806.46
11821.56
11826.53
11856.71
11885.91
11901.95
11934.40
11966.48
11977.70
11978.64
12012.27
12015.32
12086.66
12124.03
12143.02
12178.04
12210.59
12250.07
12252.50
12268.71
12271.05
12282.17
12291.81
12303.41
12305.81
12328.47
12329.88
12377.77
12396.65
12414.64
12457.26
12464.15
12486.21
12491.63
12497.34
12501.53
12531.94
12546.39
12582.28
12607.19
12622.77
12628.96
12639.70
12722.54
12773.00
12776.72
12792.83
12801.37
12867.85
12877.76
12891.57
12897.20
12907.73
12930.68
12937.19
12964.58
12986.89
13013.68
13026.71
13051.86
13053.28
13117.17
13130.73
13155.67
13195.17
13226.60
13358.03
13382.70
13425.79
13434.65
13492.61
13494.82
13555.68
13557.42
13586.51
13631.88
13674.84
13697.20
13816.93
13855.71
13955.86
13989.58
14007.66
14053.71
14071.12
14086.00
14181.48
14231.04
14274.75
14283.77
14328.15
14328.34
14329.59
14334.94
14335.36
14573.80
14613.05
14672.87
14862.58
14919.54
14944.41
15055.91
15061.47
15213.62
15244.11
15273.88
15295.85
15485.02
15503.07
15543.15
15696.73
15731.49
15818.85
15875.36
15882.57
16253.82
16317.50
16351.37
16579.40
16606.97
16740.71
16813.21
16898.02
16933.17
16939.73
17006.13
17021.42
17065.99
17084.05
17085.03
17143.42
17170.74
17177.29
17177.89
17181.56
17190.59
17248.93
17278.06
17299.99
17353.36
17451.25
17520.69
17557.56
17641.56
17710.34
17722.08
17734.21
17736.10
17747.91
17826.73
17855.43
17918.56
17926.52
17944.37
17978.11
18019.62
18123.54
18232.95
18263.33
18317.56
18368.68
18444.71
18453.11
18453.52
18477.68
18586.38
18773.07
18775.37
18799.32
18879.25
18906.20
18933.37
18933.56
18949.50
19040.44
19042.85
19105.59
19283.26
19352.57
19373.65
19391.83
19394.02
19443.20
19454.45
19563.74
19597.64
19655.36
19699.27
19747.06
19802.50
19824.63
19876.38
19885.67
19908.40
19917.46
19970.58
20267.07
20302.21
20364.20
20424.05
20427.88
20428.40
20466.49
20507.53
20563.43
20599.16
20601.18
20619.29
20693.81
20981.89
