2.69
12.23
29.12
29.13
30.00
37.85
48.11
65.95
78.77
102.01
117.43
127.69
144.93
179.68
185.25
192.02
195.57
200.51
210.87
214.95
228.99
230.40
233.22
239.26
240.34
246.57
256.08
258.99
259.62
267.23
277.29
280.57
281.59
288.62
318.98
320.63
346.05
347.50
348.70
355.82
366.35
371.24
395.43
400.72
429.03
432.51
437.22
439.93
443.99
449.00
459.48
466.09
473.38
486.57
488.25
494.76
497.00
497.08
497.87
507.63
516.68
523.34
540.18
544.56
545.35
553.81
559.79
560.18
560.34
561.83
579.93
603.38
609.40
616.18
627.68
630.08
634.34
637.63
638.21
638.86
669.71
675.98
677.13
685.61
706.31
713.16
715.40
721.31
726.76
773.21
775.09
794.18
795.37
811.31
813.89
818.91
826.13
835.90
843.70
847.97
873.03
879.61
886.29
892.03
896.80
896.89
901.03
902.67
904.38
908.85
927.75
932.98
933.94
953.70
965.90
971.44
979.41
981.21
983.37
996.07
1001.55
1003.39
1008.11
1014.69
1017.64
1021.13
1033.17
1035.52
1036.39
1055.74
1057.28
1065.26
1065.92
1082.98
1084.34
1084.78
1086.90
1101.42
1107.80
1115.21
1124.31
1128.48
1135.82
1142.93
1144.50
1144.89
1164.06
1166.91
1170.22
1180.10
1182.43
1196.85
1202.97
1203.89
1204.53
1206.82
1211.63
1212.56
1214.81
1214.85
1241.36
1259.38
1259.83
1285.44
1296.86
1299.21
1300.47
1310.06
1310.10
1313.28
1318.96
1319.97
1321.04
1337.58
1347.08
1349.02
1364.42
1381.64
1388.04
1393.99
1409.73
1420.25
1424.44
1425.73
1437.02
1439.87
1455.00
1457.99
1464.47
1500.53
1519.83
1533.07
1557.85
1567.70
1572.01
1580.13
1588.16
1601.26
1603.35
1607.60
1607.70
1608.39
1610.87
1629.04
1647.10
1657.46
1660.47
1670.30
1696.26
1697.53
1711.55
1730.69
1736.97
1739.27
1748.10
1749.68
1759.87
1787.19
1787.54
1791.61
1809.10
1812.03
1823.34
1835.69
1837.28
1837.56
1873.20
1887.05
1906.73
1911.42
1932.27
1943.94
1946.62
1961.05
1962.20
1962.65
1963.87
1966.24
1967.04
1976.69
1979.09
1984.77
1994.97
1995.56
2005.50
2009.00
2030.13
2043.34
2044.99
2046.72
2060.46
2070.70
2072.77
2078.40
2078.46
2079.57
2089.95
2090.85
2093.22
2098.85
2099.09
2102.42
2117.65
2123.39
2125.64
2131.13
2132.57
2135.85
2137.27
2162.67
2166.68
2178.80
2183.53
2201.23
2202.54
2207.35
2208.55
2214.55
2221.99
2240.39
2248.22
2250.19
2252.78
2253.15
2255.90
2256.67
2263.77
2270.43
2277.68
2280.04
2284.91
2305.16
2305.95
2318.98
2329.13
2342.36
2352.11
2359.55
2362.51
2394.81
2413.83
2420.33
2422.50
2427.82
2441.28
2443.12
2459.94
2463.07
2466.58
2473.05
2477.09
2486.80
2492.36
2514.77
2517.25
2522.18
2534.00
2536.12
2546.43
2609.43
2642.74
2649.24
2651.39
2667.81
2669.10
2669.98
2671.65
2681.73
2684.04
2687.19
2697.99
2716.99
2725.21
2741.30
2774.70
2777.82
2793.99
2799.25
2808.43
2808.90
2820.12
2821.17
2832.49
2834.81
2841.34
2843.60
2846.52
2868.13
2871.12
2882.37
2887.57
2890.52
2898.85
2908.23
2956.07
2959.75
2967.91
2980.35
2981.21
2983.98
2987.79
2990.83
2995.89
3005.97
3056.27
3072.68
3073.08
3075.27
3080.91
3083.81
3084.10
3104.61
3113.65
3122.17
3122.99
3150.03
3206.89
3207.50
3214.30
3252.28
3257.61
3276.23
3276.91
3313.95
3362.87
3400.29
3402.15
3418.04
3420.91
3487.07
3557.04
3585.96
3598.53
3609.30
3611.51
3617.87
3622.28
3627.07
3711.31
3744.94
3795.48
3798.97
3804.59
3809.00
3818.63
3838.09
3867.81
3882.47
3893.79
3899.10
3939.70
3943.76
3978.93
3990.57
4074.02
4108.25
4146.37
4190.83
4195.37
4197.96
4262.08
4262.40
4285.08
4287.47
4299.31
4321.23
4324.77
4327.42
4352.40
4358.06
4365.16
4367.65
4443.76
4453.28
4495.02
4511.16
4528.91
4616.64
4656.38
4674.00
4693.35
4717.39
4826.70
4828.86
4830.82
4842.05
4877.45
4901.34
4905.97
4973.88
5016.67
5037.57
5063.51
5121.98
5156.96
5167.94
5199.79
5221.62
5267.60
5275.84
5295.26
5306.63
5331.54
5372.43
5383.53
5416.70
5477.53
5541.11
5545.23
5587.73
5590.37
5599.34
5616.24
5627.69
5644.21
5702.46
5706.57
5706.76
5730.86
5731.92
5738.14
5743.49
5754.22
5795.41
5801.80
5827.09
5845.70
5851.49
5903.40
5917.65
5932.06
5937.97
5938.12
5986.45
5987.71
6016.13
6047.86
6102.84
6104.31
6112.00
6128.27
6151.14
6174.46
6176.01
6181.67
6213.54
6222.91
6259.77
6293.80
6331.45
6337.86
6360.04
6448.86
6464.78
6465.08
6567.29
6572.02
6679.54
6685.74
6731.41
6761.62
6773.21
6773.59
6794.90
6829.87
6901.48
6907.47
6908.48
6987.26
6989.28
7032.14
7038.49
7039.92
7052.68
7060.29
7062.16
7093.11
7118.06
7132.83
7170.97
7228.49
7330.49
7346.43
7357.78
7372.02
7483.97
7500.58
7521.05
7532.61
7605.67
7639.21
7640.30
7641.07
7712.55
7788.64
7792.68
7823.85
7872.49
7872.65
7911.97
7978.52
8050.90
8052.14
8059.07
8062.69
8081.34
8093.37
8118.81
8127.16
8140.11
8147.19
8154.08
8212.73
8249.16
8268.54
8292.62
8322.19
8341.39
8378.70
8384.02
8430.63
8450.93
8516.25
8519.38
8523.18
8552.12
8556.09
8591.92
8632.63
8636.12
8708.33
8740.17
8785.59
8789.10
8792.97
8794.96
8804.36
8809.27
8818.63
8876.89
8890.05
8909.09
8916.97
8925.06
8929.21
8942.45
8990.26
8991.04
9010.40
9022.10
9023.86
9047.24
9050.85
9062.68
9072.39
9112.13
9155.30
9179.57
9210.93
9226.37
9251.90
9282.93
9359.62
9360.18
9392.76
9396.93
9399.53
9479.26
9518.77
9541.69
9553.04
9592.96
9632.87
9675.27
9695.32
9715.41
9750.10
9821.26
9825.67
9850.01
9873.03
9878.67
9898.87
9902.22
9909.27
9982.92
10039.48
10055.73
10065.33
10069.17
10104.91
10116.22
10163.58
10180.73
10196.52
10264.81
10291.35
10293.78
10334.96
10336.30
10349.90
10392.23
10411.36
10420.54
10475.25
10476.02
10523.47
10552.22
10613.46
10678.74
10733.69
10747.26
10750.38
10786.66
10801.68
10822.81
10825.20
10840.49
10883.63
10884.01
10890.06
10909.01
10924.99
10925.41
10940.41
10966.43
11007.25
11010.72
11047.29
11053.56
11089.71
11100.40
11117.05
11155.70
11172.47
11204.38
11235.23
11247.68
11249.40
11314.02
11321.87
11331.56
11337.84
11354.42
11365.13
11382.27
11397.98
11447.12
11506.31
11539.95
11546.47
11554.28
11626.20
11630.10
11668.70
11690.25
11734.75
11761.54
11810.32
11816.62
11834.65
11920.39
11927.17
11988.81
12021.50
12141.65
12152.31
12154.53
12163.09
12174.93
12203.97
12205.73
12233.30
12247.06
12271.01
12281.18
12296.42
12332.79
12333.42
12373.50
12388.41
12494.92
12509.10
12527.82
12528.92
12529.83
12544.94
12568.71
12590.96
12609.68
12639.54
12643.35
12678.30
12682.35
12703.36
12774.96
12782.84
12805.54
12814.25
12846.74
12851.67
12869.29
12895.70
12897.18
12937.33
13005.66
13041.60
13115.46
13147.42
13197.59
13226.47
13248.06
13257.43
13289.28
13308.89
13361.80
13368.80
13390.25
13423.63
13447.33
13466.39
13467.86
13477.10
13555.13
13560.66
13582.08
13705.86
13730.81
13768.16
13777.33
13796.95
13810.48
13821.92
13833.19
13896.25
13924.28
13961.24
14034.26
14066.08
14067.83
14151.21
14160.71
14161.83
14166.99
14171.39
14203.24
14231.81
14243.88
14303.26
14307.24
14309.53
14317.85
14342.77
14425.56
14494.24
14498.84
14502.70
14532.55
14540.50
14601.42
14603.69
14651.38
14653.33
14654.03
14667.27
14719.43
14781.07
14781.07
14836.89
14850.29
14864.61
14885.68
14899.99
14935.20
15022.82
15024.55
15035.64
15048.27
15057.97
15172.39
15178.68
15233.39
15265.68
15289.05
15307.39
15365.16
15388.18
15401.99
15461.32
15508.55
15515.18
15532.23
15567.49
15602.58
15604.37
15626.95
15661.07
15662.92
15673.13
15689.85
15720.16
15735.44
15804.34
15831.85
15874.91
15877.23
15899.73
15908.69
15946.44
15964.65
15968.84
15994.86
15996.37
16048.43
16089.39
16092.74
16097.13
16099.04
16113.78
16158.51
16256.77
16300.34
16344.41
16368.48
16384.97
16412.53
16425.74
16467.62
16482.04
16501.98
16509.73
16526.26
16552.44
16585.70
16592.85
16607.06
16607.91
16626.52
16664.46
16664.47
16669.35
16692.17
16786.42
16806.92
16824.95
16852.20
16870.47
16909.65
16927.02
16936.59
16946.74
16954.63
16957.25
16960.55
16986.20
16993.01
17067.98
17072.44
17077.07
17079.84
17160.72
17182.89
17199.01
17242.09
17293.65
17335.24
17385.35
17397.76
17403.35
17440.74
17457.92
17497.40
17512.04
17539.43
17563.18
17587.00
17607.91
17654.37
17661.35
17683.37
17701.44
17715.55
17739.37
17739.40
17742.94
17756.11
17778.15
17820.54
17820.58
17828.88
17829.67
17834.11
17836.90
17858.09
17861.91
17865.29
17879.00
17917.45
17919.16
17936.82
17972.34
17985.06
17987.51
18015.24
18028.00
18031.43
18142.11
18209.53
18236.00
18257.25
18260.15
18329.77
18352.15
18372.91
18392.76
18405.00
18446.78
18447.65
18451.24
18464.27
18479.21
18494.63
18508.48
18509.99
18522.31
18603.67
18610.08
18633.29
18729.45
18761.82
18765.44
18791.09
19018.47
19267.53
19315.15
19503.46
19556.54
19665.88
19680.14
19731.15
