1.62
2.45
14.12
18.49
21.49
23.79
33.00
35.01
50.67
70.67
74.01
82.59
88.08
88.68
96.89
105.74
116.33
119.53
124.43
125.17
128.42
144.00
149.83
152.01
159.77
1.79
1.97
9.03
12.14
16.64
19.31
24.76
26.63
43.45
65.15
67.97
76.09
76.64
84.48
85.10
100.69
109.78
112.96
117.68
118.44
120.08
136.78
142.30
143.27
150.98
157.30
158.73
161.84
163.80
183.21
192.23
192.54
193.21
196.12
201.22
202.46
209.06
219.52
221.52
224.69
227.15
232.80
240.66
244.50
249.53
252.34
255.01
262.82
265.46
267.24
281.44
282.17
284.91
287.43
287.56
298.25
307.10
309.75
314.65
319.86
324.74
329.73
332.73
333.11
337.07
337.20
338.18
342.76
350.29
357.08
360.38
369.07
382.11
385.59
394.48
401.98
405.75
411.59
414.17
415.30
415.66
416.07
420.27
420.32
433.87
445.55
448.65
456.45
460.89
469.02
477.31
477.53
477.70
480.63
482.12
489.47
490.34
492.19
497.45
506.03
519.77
522.98
524.78
527.61
528.02
534.16
535.80
546.47
549.74
550.67
558.55
563.89
571.43
572.51
576.53
578.76
580.33
583.93
589.35
591.57
591.71
599.03
599.57
601.38
603.71
606.28
616.05
618.46
618.92
620.59
620.78
628.58
629.10
630.83
635.86
659.43
671.51
672.22
672.67
673.13
684.45
691.15
701.69
717.47
722.25
723.84
730.11
735.31
738.82
740.07
740.73
741.24
746.34
756.27
756.27
758.28
766.87
769.42
774.04
780.49
788.37
796.00
797.06
798.99
799.79
805.12
805.90
811.08
812.20
815.63
820.63
827.72
829.66
832.76
839.91
840.09
852.99
853.87
858.16
859.07
863.28
870.13
872.74
873.96
877.45
877.74
881.32
889.30
892.44
908.16
910.36
918.54
930.42
930.73
939.67
940.99
950.22
961.92
962.12
963.38
966.36
970.09
973.15
975.85
982.08
987.69
989.15
996.48
997.83
1001.08
1014.56
1016.57
1030.44
1037.20
1051.06
1055.28
1059.80
1068.51
1070.70
1072.45
1074.86
1081.08
1083.11
1100.11
1103.74
1106.85
1110.22
1110.80
1110.90
1113.97
1118.81
1127.38
1129.56
1132.41
1140.09
1143.36
1145.08
1154.71
1156.20
1162.06
1173.69
1177.85
1179.71
1182.88
1188.34
1192.81
1197.64
1210.58
1219.09
1230.80
1238.40
1238.59
1240.33
1245.33
1247.69
1248.92
1272.60
1279.61
1282.40
1284.87
1295.08
1296.52
1299.17
1309.41
1318.44
1319.52
1329.86
1332.07
1342.98
1345.93
1346.41
1348.29
1353.19
1356.24
1367.16
1374.58
1376.94
1377.91
1384.70
1390.28
1393.31
1394.26
1399.45
1401.41
1406.07
1436.90
1437.57
1446.81
1467.28
1468.83
1470.89
1472.90
1478.93
1481.05
1483.57
1484.46
1486.12
1486.17
1491.86
1492.65
1495.68
1498.99
1504.56
1510.07
1517.71
1520.41
1522.61
1522.79
1531.95
1534.43
1535.31
1540.34
1552.84
1556.36
1556.66
1556.77
1560.21
1564.94
1591.53
1605.59
1608.02
1613.71
1622.76
1623.24
1623.28
1640.41
1645.86
1646.25
1655.34
1662.68
1664.90
1666.65
1667.13
1667.98
1675.02
1678.20
1683.18
1688.49
1692.58
1695.95
1699.98
1704.18
1715.38
1717.22
1728.28
1733.59
1738.96
1743.04
1751.59
1758.38
1763.27
1763.59
1764.68
1766.91
1767.22
1767.40
1770.09
1773.88
1775.50
1795.83
1796.58
1798.82
1802.67
1804.82
1807.79
1808.05
1832.10
1837.75
1841.44
1860.59
1865.86
1872.13
1876.89
1877.72
1879.13
1887.59
1899.96
1912.65
1917.63
1940.79
1941.92
1948.83
1957.68
1961.00
1970.38
1986.02
2007.05
2048.28
2051.92
2059.59
2067.15
2108.15
2125.73
2129.65
2162.10
2180.00
2197.24
2209.81
2219.18
2237.98
2250.14
2251.74
2278.43
2282.80
2333.37
2337.87
2359.69
2371.34
2375.89
2405.55
2412.81
2449.91
2454.71
2459.51
2459.66
2464.44
2472.82
2485.56
2505.11
2544.61
2556.16
2561.27
2592.12
2598.75
2609.83
2612.72
2616.23
2628.77
2655.51
2665.50
2672.70
2687.62
2696.87
2705.01
2742.61
2775.13
2784.04
2788.14
2811.17
2846.36
2860.49
2866.01
2923.20
2944.76
2946.79
2975.65
2982.63
2985.69
2992.22
3009.03
3017.61
3032.40
3064.85
3072.37
3100.38
3117.43
3119.60
3131.97
3138.59
3162.90
3166.08
3171.81
3183.28
3213.17
3218.93
3245.92
3305.34
3348.27
3361.74
3367.89
3385.93
3390.68
3411.33
3413.45
3416.74
3422.40
3436.06
3469.65
3498.23
3499.48
3549.79
3580.29
3601.77
3617.25
3642.07
3643.97
3662.45
3665.52
3668.41
3720.91
3721.08
3725.37
3728.63
3729.94
3734.01
3750.74
3754.63
3791.65
3795.70
3803.46
3806.92
3831.67
3838.11
3845.37
3847.51
3870.69
3880.42
3890.21
3986.83
3993.15
4020.80
4025.83
4081.46
4106.28
4108.26
4122.95
4149.61
4162.02
4166.66
4182.89
4184.32
4189.74
4197.81
4228.93
4237.61
4239.10
4250.77
4256.88
4260.15
4282.88
4290.50
4293.82
4335.19
4350.40
4376.82
4414.07
4426.78
4431.11
4433.39
4448.82
4465.00
4490.30
4492.82
4563.09
4586.42
4598.30
4639.20
4667.08
4728.71
4729.36
4746.88
4786.79
4793.90
4831.85
4846.52
4855.18
4895.27
4909.02
4922.48
4926.95
4966.75
4979.76
4990.68
4994.91
5017.19
5044.57
5044.69
5051.16
5084.48
5090.69
5090.82
5124.56
5139.82
5142.45
5144.55
5149.07
5155.52
5172.18
5193.17
5233.78
5239.28
5248.29
5260.43
5265.52
5267.03
5267.49
5269.39
5275.51
5314.22
5316.25
5330.01
5337.02
5358.51
5360.70
5366.66
5377.09
5386.25
5387.21
5401.58
5413.59
5428.47
5430.54
5448.16
5455.97
5514.05
5550.77
5554.59
5554.98
5612.86
5623.68
5631.16
5655.89
5662.92
5663.20
5697.47
5704.40
5772.40
5780.21
5780.25
5791.26
5810.30
5814.99
5825.62
5841.65
5859.48
5876.73
5895.30
5896.63
5900.63
5912.50
5925.68
5948.88
5949.51
5969.09
5975.37
5982.30
5998.31
6029.91
6037.32
6046.38
6051.39
6060.12
6078.97
6137.56
6141.37
6174.52
6202.20
6210.12
6267.24
6286.24
6305.15
6337.87
6346.75
6362.90
6372.80
6415.71
6417.95
6419.07
6430.99
6496.64
6521.20
6540.60
6541.08
6551.89
6562.75
6569.62
6575.23
6596.66
6609.78
6618.57
6668.04
6675.62
6687.40
6695.37
6698.72
6701.55
6712.14
6753.91
6762.83
6783.41
6786.08
6788.61
6800.11
6804.40
6812.05
6822.19
6825.27
6836.59
6850.73
6864.20
6868.44
6885.71
6892.42
6911.28
6914.98
6937.52
6944.01
6948.16
6968.74
6971.91
6975.15
6977.23
6978.40
6999.64
7023.53
7032.24
7034.32
7048.59
7093.99
7096.73
7117.84
7131.95
7137.85
7168.94
7187.04
7203.44
7214.52
7225.19
7228.70
7241.82
7276.23
7288.08
7340.78
7366.23
7368.16
7385.89
7396.55
7396.59
7417.69
7419.32
7447.21
7451.07
7460.73
7465.71
7503.68
7517.40
7527.50
7597.42
7602.32
7604.52
7608.68
7618.62
7631.88
7633.98
7680.44
7692.62
7744.17
7749.03
7769.78
7790.13
7793.40
7794.19
7808.49
7836.04
7838.86
7869.47
7890.74
7893.51
7911.34
7946.20
7953.01
7980.75
7984.64
8002.98
8006.84
8007.11
8036.68
8063.32
8073.84
8075.46
8094.46
8097.42
8111.31
8129.70
8142.78
8148.73
8160.91
8163.81
8182.36
8227.30
8241.03
8248.93
8281.14
8301.72
8307.22
8308.98
8312.83
8321.42
8388.55
8388.60
8407.42
8422.39
8431.80
8437.43
8467.52
8482.72
8493.36
8518.28
8550.91
8561.24
8564.22
8589.52
8634.68
8641.77
8696.10
8734.99
8767.58
8820.68
8823.50
8841.85
8886.79
8907.64
8948.68
8973.08
8977.49
8991.88
9001.76
9004.02
9023.12
9032.31
9039.36
9054.08
9070.92
9080.45
9093.76
9094.33
9115.11
9131.93
9132.32
9171.64
9220.38
9228.49
9241.80
9253.62
9265.38
9285.89
9292.25
9306.04
9362.74
9388.33
9407.56
9421.90
9443.70
9487.87
9504.77
9508.80
9518.26
9523.43
9530.70
9571.48
9576.31
9576.89
9578.81
9587.78
9592.43
9596.24
9599.88
9599.89
9609.16
9617.11
9640.26
9649.91
9657.59
9671.50
9700.59
9738.86
9740.73
9759.03
9807.00
9810.96
9815.02
9827.62
9836.24
9856.95
9872.34
9878.83
9897.16
9924.61
9925.07
9927.50
9951.90
9961.37
9963.81
9968.36
9981.54
9981.89
9995.94
10029.97
10043.86
10091.61
10161.25
10165.49
10217.26
10253.53
10261.55
10279.32
10284.98
10324.66
10327.74
10327.97
10336.58
10344.01
10375.57
10399.81
10407.17
10434.21
10460.83
10471.07
10472.94
10486.14
10490.63
10494.40
10494.71
10507.12
10510.42
10518.72
10522.13
10523.29
10529.95
10535.56
10538.43
10562.25
10568.32
10576.47
10576.85
10585.38
10587.30
10606.28
10607.03
10614.63
10655.81
10659.42
10675.91
10686.05
10696.87
10707.91
10712.19
10754.55
10762.66
10769.65
10811.50
10832.88
10839.26
10860.63
10863.48
10917.28
10937.02
10965.36
10968.02
10982.73
10983.15
11008.48
11014.73
11017.83
11018.59
11031.31
11048.08
11063.34
11065.56
11066.03
11073.39
11083.67
11084.16
11093.18
11115.06
11127.29
11128.32
11130.48
11132.69
11156.20
11157.20
11162.80
11165.27
11178.07
11256.66
11262.89
11266.25
11284.16
11315.18
11316.89
11345.00
11346.20
11364.17
11382.10
11405.56
11410.07
11445.24
11519.72
11522.97
11563.78
11575.10
11580.24
11629.78
11631.37
11662.23
11665.44
11678.74
11684.05
11733.96
11740.45
