3.55
4.65
42.38
63.25
202.86
211.84
222.16
237.88
247.25
253.25
329.03
342.37
346.71
349.23
359.43
385.06
404.54
409.13
433.25
448.10
463.46
465.34
525.54
542.17
547.51
551.70
553.02
563.27
580.42
620.73
632.01
654.70
678.59
700.35
710.16
715.66
750.80
757.18
764.30
813.06
815.54
823.94
867.22
883.68
899.27
907.45
928.95
931.61
935.97
936.33
938.12
952.64
952.73
956.62
978.32
1011.19
1027.25
1041.40
1050.81
1078.16
1103.68
1119.76
1129.42
1130.67
1142.92
1143.07
1161.17
1164.80
1173.22
1208.58
1237.46
1286.27
1299.78
1300.35
1302.12
1304.45
1310.94
1345.36
1345.95
1367.29
1384.77
1423.05
1431.88
1437.65
1450.76
1472.19
1477.76
1482.96
1490.32
1493.49
1516.97
1526.68
1556.27
1559.85
1563.69
1571.09
1578.73
1589.23
1596.01
1608.70
1628.07
1632.19
1641.45
1643.25
1651.11
1673.10
1679.97
1686.17
1702.22
1709.26
1752.71
1754.09
1780.27
1799.90
1814.79
1818.60
1823.76
1851.76
1862.04
1895.93
1967.36
1973.07
1974.47
1979.71
2000.41
2004.18
2005.97
2008.17
2020.26
2020.30
2022.01
2038.94
2048.75
2057.73
2059.44
2068.91
2098.23
2111.26
2134.02
2163.20
2168.02
2174.02
2190.85
2200.02
2204.65
2222.31
2239.69
2245.64
2251.08
2267.85
2272.16
2272.84
2272.93
2277.97
2300.59
2326.32
2368.19
2377.17
2415.47
2420.40
2428.63
2493.22
2497.68
2498.36
2541.23
2546.16
2562.92
2566.21
2594.87
2604.65
2612.89
2635.18
2638.90
2662.24
2680.22
2685.35
2746.54
2749.60
2750.17
2755.88
2760.36
2792.02
2796.64
2821.02
2853.83
2859.07
2909.23
2919.44
2927.33
2937.64
2948.12
2975.43
2984.81
2987.00
2988.36
2989.74
3022.93
3028.57
3058.40
3088.52
3126.67
3154.35
3159.10
3173.62
3183.66
3233.45
3271.86
3285.92
3311.91
3313.92
3317.28
3328.40
3334.22
3336.10
3343.12
3416.16
3425.47
3435.62
3452.22
3464.01
3491.92
3496.64
3506.18
3507.81
3514.19
3524.72
3534.92
3567.36
3592.51
3597.61
3599.44
3609.17
3646.53
3647.07
3650.24
3666.97
3681.09
3684.47
3687.74
3695.91
3711.38
3736.56
3814.56
3851.61
3855.21
3881.91
3884.27
3888.50
3905.32
3916.51
3925.64
3944.48
3950.04
3972.45
3975.62
3977.93
3987.25
3995.87
4026.57
4051.26
4055.32
4058.28
4063.45
4070.31
4081.13
4085.20
4094.48
4094.53
4109.44
4121.03
4131.88
4165.75
4183.97
4191.31
4257.05
4258.60
4314.29
4334.91
4390.18
4398.17
4405.32
4412.17
4420.73
4442.88
4465.24
4487.34
4488.00
4504.61
4520.71
4529.27
4533.07
4550.45
4554.56
4556.28
4605.91
4622.12
4625.60
4636.84
4651.84
4661.69
4663.00
4664.70
4681.22
4705.28
4708.30
4724.66
4736.41
4737.40
4793.15
4823.75
4832.33
4844.27
4857.97
4870.93
4908.42
4913.21
4940.12
4944.79
4968.19
4993.85
4996.93
5000.32
5012.55
5037.80
5105.10
5106.46
5131.02
5171.51
5197.24
5224.63
5248.07
5331.21
5396.79
5421.22
5546.96
5597.13
5747.16
5758.46
5798.76
5854.78
5892.58
5920.63
5973.39
6131.70
6136.98
6236.49
6237.92
6416.08
6537.24
6549.74
6575.04
6624.93
6789.34
6821.95
6849.91
6859.88
6890.35
6911.38
6986.43
7037.56
7078.22
7116.74
7154.20
7224.95
7309.73
7440.39
7465.34
7467.06
7537.80
7691.81
7872.27
8031.20
8063.13
8110.30
8264.73
8318.01
8358.56
8388.46
8395.22
8401.85
8486.25
8509.54
8536.74
8538.56
8548.12
8592.18
8620.80
8669.81
8802.27
8995.23
9012.44
9016.44
9098.00
9203.61
9263.16
9282.20
9482.90
9839.95
9871.51
9896.59
9912.36
9947.55
9968.75
10012.64
10022.80
10059.09
10143.04
10196.05
10196.62
10210.87
10361.92
10403.87
10418.99
10603.65
10627.90
10766.09
10823.34
10835.28
10999.09
11061.80
11097.06
11123.29
11461.55
11642.32
11644.35
11821.08
11980.93
12043.09
12102.36
12119.72
12145.76
12266.25
12278.31
12282.37
12334.17
12334.32
12382.13
12399.08
12668.54
12769.10
12816.95
12982.88
13022.83
13183.41
13229.96
13423.01
13440.53
13728.91
13802.45
13816.54
13925.12
13954.84
13958.10
13984.95
13996.90
14141.63
14254.55
14391.18
14404.71
14447.37
14533.56
14608.45
14740.90
14746.49
14772.12
14950.54
15016.36
15027.18
15040.71
15069.06
15245.22
15257.10
15339.10
15544.30
15559.12
15639.76
15713.40
15719.94
15758.45
15853.52
15944.69
16139.06
16403.80
16580.68
16588.90
16611.72
16612.63
16723.28
16859.45
16961.07
16985.77
16985.88
17083.40
17145.72
17342.28
17359.34
17493.46
17495.58
17547.38
17601.69
17750.10
17763.30
17777.49
17781.31
17898.85
17904.52
17907.93
18129.66
18169.36
18287.94
18416.45
18574.87
18621.16
18661.36
18699.63
18832.86
18864.60
18922.67
18938.00
19080.38
19119.62
19145.29
19180.42
19215.47
19245.68
19265.65
19283.32
19332.48
19379.75
19422.75
19440.08
19567.32
19570.05
19589.26
19590.44
19656.47
19712.67
19821.91
19951.39
20013.26
20016.21
20035.74
20079.97
20115.76
20225.85
20270.07
20376.82
20474.53
20556.85
20585.04
20659.63
20740.76
20772.22
20819.84
20980.25
20981.51
21093.66
21113.32
21208.68
21215.90
21273.30
21320.48
21321.25
21355.93
21440.86
21450.30
21488.04
21583.94
21708.25
21784.29
21796.31
21822.41
21828.65
21912.78
21916.67
21991.25
22097.19
22109.38
22123.36
22139.95
22200.98
22220.37
22250.26
22298.63
22310.39
22523.95
22532.87
22568.19
22862.89
22891.21
22905.32
23017.39
23040.98
23198.47
23213.38
23238.31
23268.01
23326.46
23340.66
23623.70
23633.14
23852.41
23866.24
23990.84
24008.09
24039.52
24075.81
24118.02
24209.50
24353.21
24364.13
24641.18
24641.34
24647.71
24730.28
24770.26
24812.72
24858.09
24932.00
24940.08
25023.44
25142.67
25229.46
25576.10
25802.42
25824.33
25948.81
25990.27
26112.96
26243.64
26248.87
26352.40
26480.77
26506.69
26512.48
26564.82
26578.86
26585.57
26695.40
26698.30
26719.08
26742.74
26754.61
26778.47
26815.10
26863.17
26965.15
26975.38
27103.81
27231.24
27287.74
27304.92
27551.61
27574.60
27670.74
27692.31
27886.52
27961.66
28029.29
28076.68
28092.20
28094.05
28099.42
28147.60
28184.10
28204.45
28267.29
28295.89
28359.78
28366.77
28552.71
28599.12
28613.42
28738.25
28747.48
28759.05
28796.51
28880.89
28919.24
28978.87
28992.48
29071.57
29131.68
29160.45
29167.31
29173.63
29187.07
29472.22
29653.16
29700.94
29750.89
29776.88
29931.93
29933.19
29968.08
29974.49
30200.06
30334.35
30366.34
30376.96
30529.34
30537.13
30548.42
30563.11
30567.67
30635.70
30679.03
30679.48
30704.72
30717.23
30749.87
30826.60
30833.63
30879.67
30937.16
30990.39
31163.24
31176.31
31188.14
31274.42
31360.36
31429.30
31455.82
31538.07
31550.75
31570.66
31629.11
31852.02
31904.51
31930.93
32068.80
32104.84
32147.59
32263.04
32288.79
32307.90
32364.42
32369.35
32372.55
32408.19
32409.84
32421.56
32452.65
32526.52
32533.13
32565.59
32598.70
32604.47
32607.22
32654.17
32658.83
32678.25
32685.54
32706.53
32754.69
32764.64
32841.32
5.16
6.28
36.74
